
The source matrix:
[0][0][0][0][0][0][0][0][0][0][0][0][0][0][0][0][0][0][0][0]
[0][0][0][0][0][0][0][0][0][0][0][0][0][0][0][0][0][0][0][0]
[0][0][0][0][0][0][0][0][0][0][0][0][0][0][0][0][0][0][0][0]
[0][0][0][0][0][0][0][0][0][0][0][0][0][0][0][0][0][0][0][0]
[0][0][0][0][0][0][0][0][0][0][0][0][0][0][0][0][0][0][0][0]
[0][0][0][0][0][0][0][0][0][0][0][0][0][0][0][0][0][0][0][0]
[0][0][0][0][0][0][0][0][0][0][0][0][0][0][0][0][0][0][0][0]
[0][0][0][0][0][0][0][0][0][0][0][0][0][0][0][0][0][0][0][0]
[0][0][0][0][0][0][0][0][0][0][0][0][0][0][0][0][0][0][0][0]
[0][0][0][0][0][0][0][0][0][0][0][0][0][0][0][0][0][0][0][0]
[0][0][0][0][0][0][0][0][0][0][0][0][0][0][0][0][0][0][0][0]
[0][0][0][0][0][0][0][0][0][0][0][0][0][0][0][0][0][0][0][0]
[0][0][0][0][0][0][0][0][0][0][0][0][0][0][0][0][0][0][0][0]
[0][0][0][0][0][0][0][0][0][0][0][0][0][0][0][0][0][0][0][0]
[0][0][0][0][0][0][0][0][0][0][0][0][0][0][0][0][0][0][0][0]
[0][0][0][0][0][0][0][0][0][0][0][0][0][0][0][0][0][0][0][0]
[0][0][0][0][0][0][0][0][0][0][0][0][0][0][0][0][0][0][0][0]
[0][0][0][0][0][0][0][0][0][0][0][0][0][0][0][0][0][0][0][0]
[0][0][0][0][0][0][0][0][0][0][0][0][0][0][0][0][0][0][0][0]
[0][0][0][0][0][0][0][0][0][0][0][0][0][0][0][0][0][0][0][0]


Threads result:
Tread N 0 has returned sum = 1.
Tread N 1 has returned sum = 1.
Tread N 2 has returned sum = 1.
Tread N 3 has returned sum = 1.
Tread N 4 has returned sum = 2.
Tread N 5 has returned sum = 1.
Tread N 6 has returned sum = 1.
Tread N 7 has returned sum = 1.
Tread N 8 has returned sum = 1.
Tread N 9 has returned sum = 1.
Tread N 10 has returned sum = 1.
Tread N 11 has returned sum = 1.
Tread N 12 has returned sum = 3.
Tread N 13 has returned sum = 2.
Tread N 14 has returned sum = 2.
Tread N 15 has returned sum = 1.
Tread N 16 has returned sum = 3.
Tread N 17 has returned sum = 2.
Tread N 18 has returned sum = 3.
Tread N 19 has returned sum = 1.

Result matrix:
[11][ 0][ 0][ 0][ 1][ 0][ 0][ 0][ 0][ 0][ 0][ 0][ 0][ 0][ 0][ 0][ 0][ 0][ 0][ 0]
[ 0][ 7][ 0][ 0][ 0][ 0][ 0][ 0][ 0][ 0][ 0][ 0][ 0][ 0][ 0][ 0][ 0][ 0][ 0][ 0]
[ 0][ 0][ 9][ 0][ 0][ 0][ 0][ 0][ 0][ 0][ 0][ 0][ 1][ 0][ 0][ 0][ 0][ 0][ 0][ 0]
[ 0][ 0][ 0][14][ 0][ 0][ 0][ 0][ 0][ 0][ 1][ 0][ 0][ 0][ 0][ 1][ 0][ 0][ 0][ 0]
[ 0][ 0][ 0][ 0][17][ 0][ 0][ 0][ 0][ 0][ 0][ 0][ 0][ 0][ 0][ 0][ 0][ 0][ 0][ 0]
[ 0][ 0][ 0][ 0][ 0][ 8][ 0][ 0][ 0][ 0][ 1][ 0][ 0][ 0][ 0][ 0][ 0][ 0][ 0][ 0]
[ 0][ 0][ 0][ 0][ 0][ 0][ 0][ 1][ 0][ 1][ 0][ 0][ 0][ 0][ 0][ 0][ 1][ 0][ 0][ 0]
[ 0][ 0][ 0][ 0][ 0][ 0][ 0][ 1][ 0][ 0][ 0][ 0][ 0][ 0][ 0][ 0][ 0][ 0][ 0][ 0]
[ 0][ 0][ 0][ 0][ 0][ 0][ 0][ 0][ 6][ 0][ 1][ 0][ 0][ 0][ 0][ 0][ 0][ 0][ 1][ 0]
[ 0][ 0][ 0][ 0][ 0][ 0][ 0][ 0][ 0][15][ 0][ 0][ 0][ 0][ 0][ 0][ 0][ 0][ 0][ 0]
[ 0][ 0][ 0][ 0][ 0][ 0][ 0][ 0][ 0][ 0][16][ 0][ 0][ 0][ 0][ 0][ 0][ 0][ 0][ 0]
[ 0][ 0][ 0][ 0][ 0][ 0][ 0][ 0][ 0][ 0][ 0][ 5][ 0][ 0][ 0][ 0][ 0][ 0][ 0][ 0]
[ 0][ 1][ 0][ 0][ 0][ 0][ 0][ 0][ 0][ 0][ 0][ 0][12][ 0][ 0][ 0][ 0][ 0][ 0][ 0]
[ 0][ 0][ 0][ 1][ 0][ 0][ 0][ 0][ 0][ 0][ 0][ 0][ 0][10][ 0][ 0][ 0][ 0][ 0][ 0]
[ 0][ 0][ 0][ 0][ 0][ 0][ 0][ 0][ 0][ 0][ 0][ 0][ 0][ 0][19][ 0][ 0][ 0][ 0][ 0]
[ 0][ 0][ 0][ 0][ 1][ 0][ 0][ 0][ 0][ 0][ 0][ 0][ 0][ 0][ 0][13][ 1][ 1][ 0][ 0]
[ 0][ 0][ 0][ 0][ 0][ 0][ 0][ 1][ 0][ 0][ 0][ 0][ 0][ 0][ 0][ 0][ 4][ 0][ 0][ 0]
[ 0][ 0][ 0][ 0][ 0][ 0][ 0][ 0][ 0][ 0][ 0][ 0][ 1][ 0][ 1][ 0][ 0][ 2][ 0][ 0]
[ 0][ 0][ 0][ 0][ 0][ 0][ 0][ 0][ 0][ 0][ 0][ 1][ 0][ 0][ 0][ 0][ 0][ 0][18][ 1]
[ 0][ 0][ 0][ 0][ 0][ 0][ 0][ 0][ 0][ 0][ 0][ 0][ 0][ 0][ 0][ 0][ 0][ 0][ 0][ 3]

Result state matrix:
[X][ ][ ][ ][X][ ][ ][ ][ ][ ][ ][ ][ ][ ][ ][ ][ ][ ][ ][ ]
[ ][X][ ][ ][ ][ ][ ][ ][ ][ ][ ][ ][ ][ ][ ][ ][ ][ ][ ][ ]
[ ][ ][X][ ][ ][ ][ ][ ][ ][ ][ ][ ][X][ ][ ][ ][ ][ ][ ][ ]
[ ][ ][ ][X][ ][ ][ ][ ][ ][ ][X][ ][ ][ ][ ][X][ ][ ][ ][ ]
[ ][ ][ ][ ][X][ ][ ][ ][ ][ ][ ][ ][ ][ ][ ][ ][ ][ ][ ][ ]
[ ][ ][ ][ ][ ][X][ ][ ][ ][ ][X][ ][ ][ ][ ][ ][ ][ ][ ][ ]
[ ][ ][ ][ ][ ][ ][X][X][ ][X][ ][ ][ ][ ][ ][ ][X][ ][ ][ ]
[ ][ ][ ][ ][ ][ ][ ][X][ ][ ][ ][ ][ ][ ][ ][ ][ ][ ][ ][ ]
[ ][ ][ ][ ][ ][ ][ ][ ][X][ ][X][ ][ ][ ][ ][ ][ ][ ][X][ ]
[ ][ ][ ][ ][ ][ ][ ][ ][ ][X][ ][ ][ ][ ][ ][ ][ ][ ][ ][ ]
[ ][ ][ ][ ][ ][ ][ ][ ][ ][ ][X][ ][ ][ ][ ][ ][ ][ ][ ][ ]
[ ][ ][ ][ ][ ][ ][ ][ ][ ][ ][ ][X][ ][ ][ ][ ][ ][ ][ ][ ]
[ ][X][ ][ ][ ][ ][ ][ ][ ][ ][ ][ ][X][ ][ ][ ][ ][ ][ ][ ]
[ ][ ][ ][X][ ][ ][ ][ ][ ][ ][ ][ ][ ][X][ ][ ][ ][ ][ ][ ]
[ ][ ][ ][ ][ ][ ][ ][ ][ ][ ][ ][ ][ ][ ][X][ ][ ][ ][ ][ ]
[ ][ ][ ][ ][X][ ][ ][ ][ ][ ][ ][ ][ ][ ][ ][X][X][X][ ][ ]
[ ][ ][ ][ ][ ][ ][ ][X][ ][ ][ ][ ][ ][ ][ ][ ][X][ ][ ][ ]
[ ][ ][ ][ ][ ][ ][ ][ ][ ][ ][ ][ ][X][ ][X][ ][ ][X][ ][ ]
[ ][ ][ ][ ][ ][ ][ ][ ][ ][ ][ ][X][ ][ ][ ][ ][ ][ ][X][X]
[ ][ ][ ][ ][ ][ ][ ][ ][ ][ ][ ][ ][ ][ ][ ][ ][ ][ ][ ][X]


Threads result:
Tread N 21 has returned sum = 2.
Tread N 20 has returned sum = 2.
Tread N 22 has returned sum = 3.
Tread N 23 has returned sum = 4.
Tread N 24 has returned sum = 2.
Tread N 26 has returned sum = 4.
Tread N 30 has returned sum = 4.
Tread N 31 has returned sum = 3.
Tread N 33 has returned sum = 2.
Tread N 34 has returned sum = 4.
Tread N 37 has returned sum = 4.
Tread N 39 has returned sum = 4.
Tread N 25 has returned sum = 4.
Tread N 29 has returned sum = 3.
Tread N 28 has returned sum = 3.
Tread N 32 has returned sum = 2.
Tread N 36 has returned sum = 2.
Tread N 38 has returned sum = 5.
Tread N 35 has returned sum = 4.
Tread N 27 has returned sum = 7.

Result matrix:
[24][ 0][ 0][ 0][ 1][ 0][ 0][ 0][ 0][ 0][ 0][ 0][ 0][ 0][ 0][ 0][ 0][ 0][ 0][ 0]
[ 0][35][ 1][ 0][ 0][ 0][ 0][ 0][ 0][ 0][ 0][ 0][ 0][ 0][ 0][ 0][ 0][ 0][ 0][ 1]
[ 0][ 0][32][ 0][ 0][ 0][ 0][ 0][ 0][ 0][ 0][ 0][ 1][ 0][ 0][ 0][ 0][ 0][ 0][ 0]
[ 0][ 0][ 0][38][ 0][ 0][ 0][ 0][ 0][ 0][ 1][ 1][ 0][ 0][ 0][ 1][ 0][ 0][ 0][ 0]
[ 0][ 0][ 0][ 0][31][ 0][ 0][ 0][ 0][ 0][ 0][ 0][ 0][ 0][ 0][ 1][ 0][ 0][ 0][ 0]
[ 0][ 0][ 0][ 0][ 0][20][ 0][ 0][ 0][ 0][ 1][ 0][ 0][ 0][ 0][ 0][ 0][ 0][ 0][ 1]
[ 0][ 0][ 0][ 0][ 0][ 0][25][ 1][ 0][ 2][ 0][ 0][ 0][ 0][ 0][ 0][ 1][ 0][ 0][ 0]
[ 0][ 1][ 0][ 0][ 0][ 0][ 0][22][ 0][ 0][ 0][ 0][ 1][ 0][ 0][ 0][ 0][ 0][ 0][ 0]
[ 0][ 0][ 0][ 0][ 0][ 0][ 0][ 0][29][ 0][ 1][ 0][ 0][ 0][ 0][ 1][ 0][ 0][ 1][ 0]
[ 0][ 0][ 0][ 1][ 0][ 0][ 0][ 0][ 0][21][ 0][ 0][ 0][ 1][ 0][ 1][ 0][ 0][ 0][ 0]
[ 0][ 0][ 0][ 0][ 0][ 0][ 0][ 0][ 0][ 1][23][ 0][ 0][ 0][ 0][ 0][ 1][ 0][ 0][ 0]
[ 0][ 0][ 0][ 0][ 0][ 0][ 0][ 0][ 0][ 0][ 0][36][ 0][ 0][ 0][ 0][ 0][ 0][ 0][ 0]
[ 0][ 1][ 0][ 0][ 0][ 0][ 0][ 0][ 0][ 0][ 0][ 0][34][ 0][ 0][ 0][ 0][ 0][ 0][ 0]
[ 0][ 0][ 0][ 1][ 0][ 0][ 0][ 0][ 0][ 0][ 0][ 0][ 0][28][ 0][ 0][ 0][ 0][ 0][ 0]
[ 0][ 0][ 0][ 0][ 0][ 1][ 0][ 0][ 0][ 0][ 0][ 0][ 0][ 1][33][ 0][ 0][ 0][ 0][ 0]
[ 0][ 0][ 0][ 0][ 1][ 0][ 0][ 0][ 0][ 0][ 0][ 0][ 0][ 0][ 0][27][ 1][ 1][ 0][ 0]
[ 0][ 0][ 0][ 0][ 0][ 0][ 0][ 1][ 0][ 0][ 0][ 0][ 0][ 0][ 0][ 0][26][ 0][ 0][ 0]
[ 0][ 0][ 0][ 0][ 0][ 0][ 0][ 1][ 0][ 0][ 0][ 0][ 1][ 0][ 1][ 0][ 0][39][ 0][ 0]
[ 0][ 0][ 0][ 0][ 0][ 0][ 0][ 0][ 0][ 0][ 0][ 1][ 0][ 0][ 0][ 0][ 0][ 0][37][ 2]
[ 1][ 0][ 1][ 0][ 0][ 0][ 0][ 0][ 0][ 0][ 0][ 0][ 0][ 0][ 0][ 0][ 0][ 0][ 0][30]

Result state matrix:
[X][ ][ ][ ][ ][ ][ ][ ][ ][ ][ ][ ][ ][ ][ ][ ][ ][ ][ ][ ]
[ ][X][X][ ][ ][ ][ ][ ][ ][ ][ ][ ][ ][ ][ ][ ][ ][ ][ ][X]
[ ][ ][X][ ][ ][ ][ ][ ][ ][ ][ ][ ][ ][ ][ ][ ][ ][ ][ ][ ]
[ ][ ][ ][X][ ][ ][ ][ ][ ][ ][ ][X][ ][ ][ ][ ][ ][ ][ ][ ]
[ ][ ][ ][ ][X][ ][ ][ ][ ][ ][ ][ ][ ][ ][ ][X][ ][ ][ ][ ]
[ ][ ][ ][ ][ ][X][ ][ ][ ][ ][ ][ ][ ][ ][ ][ ][ ][ ][ ][X]
[ ][ ][ ][ ][ ][ ][X][ ][ ][X][ ][ ][ ][ ][ ][ ][ ][ ][ ][ ]
[ ][X][ ][ ][ ][ ][ ][X][ ][ ][ ][ ][X][ ][ ][ ][ ][ ][ ][ ]
[ ][ ][ ][ ][ ][ ][ ][ ][X][ ][ ][ ][ ][ ][ ][X][ ][ ][ ][ ]
[ ][ ][ ][X][ ][ ][ ][ ][ ][X][ ][ ][ ][X][ ][X][ ][ ][ ][ ]
[ ][ ][ ][ ][ ][ ][ ][ ][ ][X][X][ ][ ][ ][ ][ ][X][ ][ ][ ]
[ ][ ][ ][ ][ ][ ][ ][ ][ ][ ][ ][X][ ][ ][ ][ ][ ][ ][ ][ ]
[ ][ ][ ][ ][ ][ ][ ][ ][ ][ ][ ][ ][X][ ][ ][ ][ ][ ][ ][ ]
[ ][ ][ ][ ][ ][ ][ ][ ][ ][ ][ ][ ][ ][X][ ][ ][ ][ ][ ][ ]
[ ][ ][ ][ ][ ][X][ ][ ][ ][ ][ ][ ][ ][X][X][ ][ ][ ][ ][ ]
[ ][ ][ ][ ][ ][ ][ ][ ][ ][ ][ ][ ][ ][ ][ ][X][ ][ ][ ][ ]
[ ][ ][ ][ ][ ][ ][ ][ ][ ][ ][ ][ ][ ][ ][ ][ ][X][ ][ ][ ]
[ ][ ][ ][ ][ ][ ][ ][X][ ][ ][ ][ ][ ][ ][ ][ ][ ][X][ ][ ]
[ ][ ][ ][ ][ ][ ][ ][ ][ ][ ][ ][ ][ ][ ][ ][ ][ ][ ][X][X]
[X][ ][X][ ][ ][ ][ ][ ][ ][ ][ ][ ][ ][ ][ ][ ][ ][ ][ ][X]


Threads result:
Tread N 40 has returned sum = 5.
Tread N 58 has returned sum = 5.
Tread N 59 has returned sum = 6.
Tread N 57 has returned sum = 6.
Tread N 55 has returned sum = 4.
Tread N 56 has returned sum = 8.
Tread N 54 has returned sum = 5.
Tread N 53 has returned sum = 6.
Tread N 52 has returned sum = 7.
Tread N 51 has returned sum = 4.
Tread N 50 has returned sum = 4.
Tread N 49 has returned sum = 4.
Tread N 48 has returned sum = 4.
Tread N 47 has returned sum = 4.
Tread N 46 has returned sum = 6.
Tread N 44 has returned sum = 6.
Tread N 45 has returned sum = 7.
Tread N 43 has returned sum = 4.
Tread N 42 has returned sum = 6.
Tread N 41 has returned sum = 7.

Result matrix:
[49][ 0][ 0][ 0][ 1][ 0][ 0][ 0][ 0][ 0][ 0][ 1][ 0][ 0][ 0][ 1][ 0][ 0][ 0][ 0]
[ 0][57][ 1][ 0][ 0][ 1][ 0][ 0][ 0][ 0][ 0][ 0][ 0][ 0][ 0][ 0][ 0][ 1][ 0][ 1]
[ 0][ 0][51][ 0][ 0][ 0][ 0][ 0][ 0][ 0][ 0][ 0][ 1][ 1][ 0][ 0][ 0][ 0][ 0][ 0]
[ 0][ 0][ 0][59][ 0][ 0][ 0][ 0][ 0][ 0][ 1][ 1][ 0][ 0][ 0][ 1][ 0][ 0][ 1][ 0]
[ 0][ 0][ 0][ 0][54][ 0][ 0][ 0][ 0][ 0][ 0][ 0][ 0][ 0][ 0][ 1][ 0][ 0][ 0][ 0]
[ 0][ 0][ 0][ 0][ 0][48][ 0][ 0][ 0][ 0][ 1][ 0][ 0][ 0][ 0][ 0][ 0][ 0][ 0][ 1]
[ 0][ 1][ 0][ 0][ 0][ 0][40][ 1][ 0][ 2][ 0][ 0][ 0][ 0][ 0][ 0][ 1][ 1][ 0][ 0]
[ 0][ 1][ 0][ 0][ 0][ 0][ 0][42][ 0][ 0][ 0][ 0][ 1][ 0][ 0][ 0][ 0][ 0][ 0][ 0]
[ 0][ 0][ 0][ 0][ 0][ 0][ 0][ 0][55][ 0][ 1][ 0][ 0][ 0][ 0][ 1][ 0][ 0][ 1][ 0]
[ 0][ 1][ 0][ 1][ 0][ 0][ 0][ 0][ 0][52][ 0][ 0][ 0][ 1][ 0][ 1][ 0][ 0][ 0][ 0]
[ 0][ 0][ 0][ 0][ 0][ 0][ 0][ 0][ 1][ 1][45][ 0][ 0][ 0][ 0][ 0][ 2][ 0][ 0][ 0]
[ 0][ 0][ 0][ 0][ 0][ 0][ 0][ 0][ 0][ 0][ 0][47][ 0][ 0][ 0][ 0][ 0][ 0][ 0][ 0]
[ 0][ 1][ 0][ 0][ 1][ 0][ 0][ 0][ 0][ 0][ 0][ 0][46][ 0][ 0][ 1][ 0][ 0][ 0][ 0]
[ 0][ 0][ 0][ 1][ 0][ 0][ 0][ 1][ 0][ 0][ 0][ 0][ 0][43][ 0][ 0][ 0][ 0][ 0][ 0]
[ 0][ 0][ 0][ 0][ 0][ 1][ 0][ 0][ 0][ 0][ 0][ 1][ 0][ 1][50][ 0][ 1][ 0][ 0][ 0]
[ 0][ 0][ 0][ 0][ 1][ 0][ 0][ 0][ 0][ 0][ 0][ 0][ 0][ 0][ 0][56][ 1][ 1][ 0][ 0]
[ 0][ 0][ 1][ 0][ 1][ 0][ 0][ 1][ 0][ 0][ 0][ 0][ 0][ 0][ 0][ 0][58][ 0][ 0][ 0]
[ 0][ 0][ 0][ 0][ 0][ 0][ 0][ 1][ 0][ 0][ 0][ 0][ 1][ 0][ 1][ 0][ 0][44][ 0][ 0]
[ 0][ 0][ 0][ 0][ 0][ 0][ 1][ 0][ 0][ 0][ 0][ 1][ 0][ 0][ 0][ 0][ 0][ 0][53][ 2]
[ 1][ 0][ 1][ 0][ 0][ 0][ 1][ 0][ 0][ 0][ 0][ 0][ 0][ 0][ 0][ 0][ 0][ 0][ 0][41]

Result state matrix:
[X][ ][ ][ ][ ][ ][ ][ ][ ][ ][ ][X][ ][ ][ ][X][ ][ ][ ][ ]
[ ][X][ ][ ][ ][X][ ][ ][ ][ ][ ][ ][ ][ ][ ][ ][ ][X][ ][ ]
[ ][ ][X][ ][ ][ ][ ][ ][ ][ ][ ][ ][ ][X][ ][ ][ ][ ][ ][ ]
[ ][ ][ ][X][ ][ ][ ][ ][ ][ ][ ][ ][ ][ ][ ][ ][ ][ ][X][ ]
[ ][ ][ ][ ][X][ ][ ][ ][ ][ ][ ][ ][ ][ ][ ][ ][ ][ ][ ][ ]
[ ][ ][ ][ ][ ][X][ ][ ][ ][ ][ ][ ][ ][ ][ ][ ][ ][ ][ ][ ]
[ ][X][ ][ ][ ][ ][X][ ][ ][ ][ ][ ][ ][ ][ ][ ][ ][X][ ][ ]
[ ][ ][ ][ ][ ][ ][ ][X][ ][ ][ ][ ][ ][ ][ ][ ][ ][ ][ ][ ]
[ ][ ][ ][ ][ ][ ][ ][ ][X][ ][ ][ ][ ][ ][ ][ ][ ][ ][ ][ ]
[ ][X][ ][ ][ ][ ][ ][ ][ ][X][ ][ ][ ][ ][ ][ ][ ][ ][ ][ ]
[ ][ ][ ][ ][ ][ ][ ][ ][X][ ][X][ ][ ][ ][ ][ ][X][ ][ ][ ]
[ ][ ][ ][ ][ ][ ][ ][ ][ ][ ][ ][X][ ][ ][ ][ ][ ][ ][ ][ ]
[ ][ ][ ][ ][X][ ][ ][ ][ ][ ][ ][ ][X][ ][ ][X][ ][ ][ ][ ]
[ ][ ][ ][ ][ ][ ][ ][X][ ][ ][ ][ ][ ][X][ ][ ][ ][ ][ ][ ]
[ ][ ][ ][ ][ ][ ][ ][ ][ ][ ][ ][X][ ][ ][X][ ][X][ ][ ][ ]
[ ][ ][ ][ ][ ][ ][ ][ ][ ][ ][ ][ ][ ][ ][ ][X][ ][ ][ ][ ]
[ ][ ][X][ ][X][ ][ ][ ][ ][ ][ ][ ][ ][ ][ ][ ][X][ ][ ][ ]
[ ][ ][ ][ ][ ][ ][ ][ ][ ][ ][ ][ ][ ][ ][ ][ ][ ][X][ ][ ]
[ ][ ][ ][ ][ ][ ][X][ ][ ][ ][ ][ ][ ][ ][ ][ ][ ][ ][X][ ]
[ ][ ][ ][ ][ ][ ][X][ ][ ][ ][ ][ ][ ][ ][ ][ ][ ][ ][ ][X]


Threads result:
Tread N 60 has returned sum = 7.
Tread N 61 has returned sum = 6.
Tread N 62 has returned sum = 6.
Tread N 63 has returned sum = 10.
Tread N 64 has returned sum = 6.
Tread N 65 has returned sum = 5.
Tread N 67 has returned sum = 6.
Tread N 69 has returned sum = 7.
Tread N 68 has returned sum = 9.
Tread N 70 has returned sum = 11.
Tread N 71 has returned sum = 5.
Tread N 72 has returned sum = 7.
Tread N 73 has returned sum = 9.
Tread N 74 has returned sum = 9.
Tread N 75 has returned sum = 8.
Tread N 76 has returned sum = 5.
Tread N 77 has returned sum = 7.
Tread N 78 has returned sum = 8.
Tread N 79 has returned sum = 10.
Tread N 66 has returned sum = 8.

Result matrix:
[71][ 0][ 1][ 0][ 1][ 0][ 0][ 0][ 0][ 0][ 0][ 1][ 0][ 0][ 0][ 1][ 0][ 0][ 0][ 0]
[ 0][74][ 1][ 0][ 0][ 1][ 0][ 0][ 0][ 0][ 0][ 0][ 0][ 0][ 0][ 0][ 0][ 1][ 0][ 1]
[ 0][ 0][64][ 0][ 0][ 0][ 0][ 0][ 1][ 0][ 0][ 0][ 1][ 1][ 0][ 0][ 0][ 0][ 0][ 0]
[ 0][ 0][ 0][77][ 0][ 0][ 0][ 0][ 0][ 0][ 2][ 1][ 0][ 0][ 0][ 1][ 0][ 0][ 1][ 0]
[ 0][ 0][ 0][ 0][67][ 0][ 0][ 1][ 0][ 0][ 0][ 0][ 0][ 1][ 0][ 1][ 0][ 0][ 0][ 0]
[ 0][ 0][ 0][ 0][ 0][65][ 0][ 0][ 0][ 0][ 1][ 0][ 0][ 0][ 0][ 1][ 0][ 0][ 0][ 1]
[ 0][ 1][ 0][ 0][ 0][ 0][73][ 1][ 0][ 2][ 0][ 0][ 0][ 0][ 0][ 0][ 1][ 1][ 0][ 0]
[ 0][ 2][ 0][ 0][ 0][ 0][ 1][60][ 0][ 0][ 0][ 0][ 1][ 0][ 0][ 0][ 0][ 0][ 0][ 0]
[ 0][ 0][ 0][ 0][ 0][ 0][ 0][ 0][62][ 0][ 1][ 0][ 1][ 0][ 1][ 2][ 0][ 0][ 1][ 0]
[ 0][ 1][ 0][ 1][ 0][ 0][ 0][ 0][ 0][75][ 0][ 0][ 0][ 1][ 0][ 1][ 0][ 0][ 0][ 0]
[ 0][ 0][ 0][ 0][ 0][ 0][ 0][ 0][ 1][ 2][79][ 0][ 0][ 0][ 0][ 0][ 2][ 0][ 0][ 0]
[ 0][ 0][ 0][ 0][ 0][ 0][ 0][ 0][ 0][ 0][ 0][76][ 0][ 0][ 0][ 1][ 0][ 0][ 0][ 0]
[ 0][ 1][ 0][ 0][ 1][ 0][ 0][ 0][ 0][ 0][ 1][ 0][66][ 0][ 0][ 1][ 0][ 0][ 0][ 0]
[ 0][ 0][ 0][ 1][ 0][ 0][ 0][ 1][ 0][ 0][ 1][ 0][ 0][78][ 0][ 0][ 0][ 0][ 0][ 1]
[ 0][ 0][ 0][ 0][ 0][ 1][ 0][ 0][ 0][ 0][ 0][ 1][ 0][ 1][61][ 0][ 1][ 0][ 0][ 0]
[ 0][ 0][ 0][ 0][ 1][ 0][ 0][ 0][ 0][ 0][ 0][ 0][ 0][ 0][ 0][70][ 1][ 1][ 0][ 0]
[ 0][ 0][ 1][ 0][ 1][ 0][ 0][ 2][ 0][ 0][ 0][ 0][ 0][ 0][ 0][ 0][63][ 0][ 0][ 0]
[ 0][ 0][ 0][ 0][ 0][ 1][ 0][ 1][ 0][ 0][ 0][ 0][ 1][ 0][ 1][ 0][ 0][69][ 0][ 0]
[ 0][ 0][ 0][ 0][ 0][ 0][ 1][ 0][ 0][ 0][ 0][ 1][ 0][ 1][ 0][ 0][ 0][ 0][72][ 2]
[ 1][ 0][ 1][ 0][ 0][ 0][ 1][ 0][ 0][ 0][ 0][ 0][ 0][ 0][ 0][ 0][ 1][ 0][ 0][68]

Result state matrix:
[X][ ][X][ ][ ][ ][ ][ ][ ][ ][ ][ ][ ][ ][ ][ ][ ][ ][ ][ ]
[ ][X][ ][ ][ ][ ][ ][ ][ ][ ][ ][ ][ ][ ][ ][ ][ ][ ][ ][ ]
[ ][ ][X][ ][ ][ ][ ][ ][X][ ][ ][ ][ ][ ][ ][ ][ ][ ][ ][ ]
[ ][ ][ ][X][ ][ ][ ][ ][ ][ ][X][ ][ ][ ][ ][ ][ ][ ][ ][ ]
[ ][ ][ ][ ][X][ ][ ][X][ ][ ][ ][ ][ ][X][ ][ ][ ][ ][ ][ ]
[ ][ ][ ][ ][ ][X][ ][ ][ ][ ][ ][ ][ ][ ][ ][X][ ][ ][ ][ ]
[ ][ ][ ][ ][ ][ ][X][ ][ ][ ][ ][ ][ ][ ][ ][ ][ ][ ][ ][ ]
[ ][X][ ][ ][ ][ ][X][X][ ][ ][ ][ ][ ][ ][ ][ ][ ][ ][ ][ ]
[ ][ ][ ][ ][ ][ ][ ][ ][X][ ][ ][ ][X][ ][X][X][ ][ ][ ][ ]
[ ][ ][ ][ ][ ][ ][ ][ ][ ][X][ ][ ][ ][ ][ ][ ][ ][ ][ ][ ]
[ ][ ][ ][ ][ ][ ][ ][ ][ ][X][X][ ][ ][ ][ ][ ][ ][ ][ ][ ]
[ ][ ][ ][ ][ ][ ][ ][ ][ ][ ][ ][X][ ][ ][ ][X][ ][ ][ ][ ]
[ ][ ][ ][ ][ ][ ][ ][ ][ ][ ][X][ ][X][ ][ ][ ][ ][ ][ ][ ]
[ ][ ][ ][ ][ ][ ][ ][ ][ ][ ][X][ ][ ][X][ ][ ][ ][ ][ ][X]
[ ][ ][ ][ ][ ][ ][ ][ ][ ][ ][ ][ ][ ][ ][X][ ][ ][ ][ ][ ]
[ ][ ][ ][ ][ ][ ][ ][ ][ ][ ][ ][ ][ ][ ][ ][X][ ][ ][ ][ ]
[ ][ ][ ][ ][ ][ ][ ][X][ ][ ][ ][ ][ ][ ][ ][ ][X][ ][ ][ ]
[ ][ ][ ][ ][ ][X][ ][ ][ ][ ][ ][ ][ ][ ][ ][ ][ ][X][ ][ ]
[ ][ ][ ][ ][ ][ ][ ][ ][ ][ ][ ][ ][ ][X][ ][ ][ ][ ][X][ ]
[ ][ ][ ][ ][ ][ ][ ][ ][ ][ ][ ][ ][ ][ ][ ][ ][X][ ][ ][X]


Threads result:
Tread N 80 has returned sum = 8.
Tread N 81 has returned sum = 11.
Tread N 82 has returned sum = 12.
Tread N 83 has returned sum = 7.
Tread N 84 has returned sum = 10.
Tread N 85 has returned sum = 10.
Tread N 86 has returned sum = 8.
Tread N 87 has returned sum = 11.
Tread N 88 has returned sum = 9.
Tread N 89 has returned sum = 8.
Tread N 90 has returned sum = 10.
Tread N 91 has returned sum = 9.
Tread N 92 has returned sum = 8.
Tread N 94 has returned sum = 10.
Tread N 95 has returned sum = 11.
Tread N 96 has returned sum = 9.
Tread N 97 has returned sum = 13.
Tread N 98 has returned sum = 10.
Tread N 93 has returned sum = 10.
Tread N 99 has returned sum = 7.

Result matrix:
[91][ 0][ 1][ 1][ 1][ 0][ 0][ 0][ 0][ 0][ 0][ 1][ 0][ 0][ 0][ 1][ 0][ 0][ 0][ 1]
[ 0][90][ 1][ 0][ 0][ 1][ 0][ 0][ 0][ 0][ 0][ 0][ 0][ 0][ 0][ 0][ 0][ 2][ 0][ 1]
[ 0][ 0][86][ 0][ 0][ 0][ 0][ 0][ 1][ 0][ 0][ 0][ 1][ 1][ 0][ 0][ 0][ 0][ 0][ 0]
[ 0][ 0][ 0][89][ 0][ 0][ 0][ 0][ 0][ 0][ 2][ 1][ 0][ 0][ 0][ 1][ 0][ 0][ 2][ 0]
[ 0][ 0][ 0][ 0][88][ 0][ 0][ 1][ 0][ 0][ 1][ 0][ 0][ 1][ 0][ 1][ 0][ 0][ 0][ 0]
[ 0][ 0][ 0][ 0][ 1][83][ 0][ 0][ 0][ 0][ 1][ 0][ 0][ 0][ 0][ 1][ 0][ 0][ 0][ 1]
[ 0][ 1][ 1][ 0][ 0][ 0][84][ 1][ 0][ 2][ 0][ 0][ 0][ 0][ 0][ 0][ 1][ 1][ 0][ 0]
[ 0][ 2][ 0][ 0][ 0][ 0][ 1][95][ 0][ 1][ 0][ 0][ 1][ 0][ 0][ 0][ 0][ 0][ 0][ 0]
[ 0][ 0][ 0][ 0][ 1][ 0][ 0][ 0][98][ 0][ 1][ 0][ 1][ 0][ 1][ 2][ 0][ 0][ 1][ 0]
[ 0][ 1][ 0][ 1][ 0][ 0][ 0][ 0][ 0][93][ 0][ 0][ 0][ 1][ 0][ 1][ 0][ 0][ 0][ 0]
[ 0][ 0][ 0][ 0][ 0][ 0][ 0][ 0][ 1][ 2][82][ 0][ 0][ 0][ 1][ 0][ 2][ 0][ 0][ 0]
[ 0][ 0][ 0][ 0][ 0][ 0][ 1][ 0][ 0][ 0][ 0][99][ 0][ 0][ 0][ 2][ 0][ 0][ 0][ 0]
[ 0][ 1][ 0][ 0][ 1][ 0][ 0][ 0][ 0][ 0][ 1][ 0][94][ 0][ 1][ 1][ 0][ 0][ 0][ 0]
[ 1][ 0][ 0][ 1][ 0][ 0][ 0][ 1][ 0][ 0][ 1][ 0][ 0][81][ 0][ 0][ 0][ 0][ 0][ 1]
[ 0][ 0][ 0][ 0][ 0][ 1][ 0][ 0][ 0][ 0][ 0][ 1][ 1][ 1][92][ 0][ 1][ 0][ 0][ 0]
[ 0][ 0][ 0][ 0][ 1][ 0][ 0][ 0][ 1][ 0][ 0][ 0][ 0][ 0][ 0][97][ 1][ 1][ 0][ 0]
[ 1][ 0][ 1][ 0][ 1][ 0][ 0][ 2][ 0][ 0][ 0][ 0][ 0][ 0][ 0][ 0][87][ 0][ 0][ 0]
[ 0][ 0][ 0][ 0][ 0][ 1][ 0][ 1][ 0][ 0][ 0][ 0][ 1][ 1][ 1][ 0][ 0][80][ 0][ 0]
[ 0][ 0][ 0][ 0][ 0][ 0][ 1][ 0][ 0][ 1][ 0][ 1][ 0][ 1][ 0][ 0][ 0][ 0][96][ 3]
[ 1][ 0][ 1][ 0][ 0][ 0][ 1][ 0][ 0][ 0][ 0][ 0][ 0][ 0][ 0][ 0][ 1][ 0][ 0][85]

Result state matrix:
[X][ ][ ][X][ ][ ][ ][ ][ ][ ][ ][ ][ ][ ][ ][ ][ ][ ][ ][X]
[ ][X][ ][ ][ ][ ][ ][ ][ ][ ][ ][ ][ ][ ][ ][ ][ ][X][ ][ ]
[ ][ ][X][ ][ ][ ][ ][ ][ ][ ][ ][ ][ ][ ][ ][ ][ ][ ][ ][ ]
[ ][ ][ ][X][ ][ ][ ][ ][ ][ ][ ][ ][ ][ ][ ][ ][ ][ ][X][ ]
[ ][ ][ ][ ][X][ ][ ][ ][ ][ ][X][ ][ ][ ][ ][ ][ ][ ][ ][ ]
[ ][ ][ ][ ][X][X][ ][ ][ ][ ][ ][ ][ ][ ][ ][ ][ ][ ][ ][ ]
[ ][ ][X][ ][ ][ ][X][ ][ ][ ][ ][ ][ ][ ][ ][ ][ ][ ][ ][ ]
[ ][ ][ ][ ][ ][ ][ ][X][ ][X][ ][ ][ ][ ][ ][ ][ ][ ][ ][ ]
[ ][ ][ ][ ][X][ ][ ][ ][X][ ][ ][ ][ ][ ][ ][ ][ ][ ][ ][ ]
[ ][ ][ ][ ][ ][ ][ ][ ][ ][X][ ][ ][ ][ ][ ][ ][ ][ ][ ][ ]
[ ][ ][ ][ ][ ][ ][ ][ ][ ][ ][X][ ][ ][ ][X][ ][ ][ ][ ][ ]
[ ][ ][ ][ ][ ][ ][X][ ][ ][ ][ ][X][ ][ ][ ][X][ ][ ][ ][ ]
[ ][ ][ ][ ][ ][ ][ ][ ][ ][ ][ ][ ][X][ ][X][ ][ ][ ][ ][ ]
[X][ ][ ][ ][ ][ ][ ][ ][ ][ ][ ][ ][ ][X][ ][ ][ ][ ][ ][ ]
[ ][ ][ ][ ][ ][ ][ ][ ][ ][ ][ ][ ][X][ ][X][ ][ ][ ][ ][ ]
[ ][ ][ ][ ][ ][ ][ ][ ][X][ ][ ][ ][ ][ ][ ][X][ ][ ][ ][ ]
[X][ ][ ][ ][ ][ ][ ][ ][ ][ ][ ][ ][ ][ ][ ][ ][X][ ][ ][ ]
[ ][ ][ ][ ][ ][ ][ ][ ][ ][ ][ ][ ][ ][X][ ][ ][ ][X][ ][ ]
[ ][ ][ ][ ][ ][ ][ ][ ][ ][X][ ][ ][ ][ ][ ][ ][ ][ ][X][X]
[ ][ ][ ][ ][ ][ ][ ][ ][ ][ ][ ][ ][ ][ ][ ][ ][ ][ ][ ][X]
